		Temp	Hi	Low	Out	Dew	Wind	Wind	Wind	Hi	Hi	Wind	Heat	THW			Rain	Heat	Cool	In 	In	In 	In 	In 	In Air	Wind	Wind	ISS 	Arc.
Date	Time	Out	Temp	Temp	Hum	Pt.	Speed	Dir	Run	Speed	Dir	Chill	Index	Index	Bar  	Rain	Rate	D-D 	D-D 	Temp	Hum	Dew	Heat	EMC	Density	Samp	Tx 	Recept	Int.
02/12/24	11:40 a	48.1	48.1	48.0	92	45.9	2.0	W	0.33	6.0	WSW	48.1	48.4	48.4	30.247	0.01	0.00	0.117	0.000	76.6	47	54.9	76.2	8.72	 .0737	204	3	94.0	10
02/12/24	11:50 a	47.9	48.1	47.8	92	45.7	3.0	W	0.50	6.0	WNW	47.3	48.2	47.6	30.240	0.04	0.36	0.119	0.000	77.3	43	53.1	76.5	8.05	 .0737	220	3	100.0	10
02/12/24	12:00 p	47.8	47.9	47.7	93	45.9	3.0	WNW	0.50	9.0	SW	47.2	48.1	47.5	30.245	0.02	0.36	0.119	0.000	73.2	45	50.6	72.3	8.45	 .0744	220	3	100.0	10
02/12/24	12:10 p	47.9	47.9	47.8	93	46.0	3.0	NW	0.50	5.0	W	47.3	48.2	47.6	30.249	0.01	0.11	0.119	0.000	69.2	47	48.1	67.4	8.77	 .0750	221	3	100.0	10
02/12/24	12:20 p	47.9	47.9	47.8	92	45.7	3.0	NNW	0.50	7.0	N	47.3	48.2	47.6	30.251	0.00	0.04	0.119	0.000	66.3	48	46.0	64.5	8.92	 .0755	222	3	100.0	10
02/12/24	12:30 p	48.1	48.3	48.0	91	45.6	3.0	NNW	0.50	7.0	N	47.5	48.3	47.7	30.256	0.00	0.00	0.117	0.000	64.2	50	45.2	62.3	9.37	 .0758	221	3	100.0	10
02/12/24	12:40 p	48.3	48.4	48.3	90	45.5	4.0	NNW	0.67	9.0	NNW	46.9	48.5	47.1	30.257	0.00	0.00	0.116	0.000	62.7	51	44.3	60.9	9.60	 .0761	222	3	100.0	10
02/12/24	12:50 p	48.6	48.7	48.4	89	45.5	3.0	W	0.50	6.0	NW	48.1	48.8	48.3	30.257	0.00	0.00	0.114	0.000	61.6	52	43.8	59.7	9.75	 .0763	220	3	100.0	10
02/12/24	1:00 p	48.8	48.8	48.7	90	46.0	3.0	WNW	0.50	7.0	WSW	48.3	49.1	48.6	30.256	0.00	0.00	0.113	0.000	60.7	53	43.5	58.9	9.95	 .0764	220	3	100.0	10
02/12/24	1:10 p	48.8	48.9	48.7	90	46.0	3.0	W	0.50	7.0	W	48.3	49.1	48.6	30.258	0.00	0.00	0.113	0.000	59.9	53	42.7	58.1	9.95	 .0765	221	3	100.0	10
02/12/24	1:20 p	48.9	48.9	48.8	88	45.5	3.0	NW	0.50	9.0	NNW	48.4	49.1	48.6	30.258	0.00	0.00	0.112	0.000	59.3	54	42.6	57.5	10.15	 .0766	221	3	100.0	10
02/12/24	1:30 p	48.9	48.9	48.8	88	45.5	3.0	NW	0.50	7.0	NNW	48.4	49.1	48.6	30.259	0.00	0.00	0.112	0.000	58.8	54	42.2	57.0	10.15	 .0767	221	3	100.0	10
02/12/24	1:40 p	48.7	48.9	48.6	89	45.6	4.0	W	0.67	10.0	W	47.4	48.9	47.6	30.259	0.00	0.00	0.113	0.000	58.3	54	41.7	56.5	10.15	 .0768	220	3	100.0	10
02/12/24	1:50 p	48.5	48.6	48.4	88	45.1	4.0	W	0.67	10.0	NNW	47.2	48.7	47.4	30.258	0.00	0.00	0.115	0.000	57.9	55	41.8	56.2	10.29	 .0769	220	3	100.0	10
02/12/24	2:00 p	48.3	48.4	48.2	89	45.2	5.0	WNW	0.83	11.0	NW	46.2	48.5	46.4	30.258	0.00	0.00	0.116	0.000	57.4	55	41.4	55.7	10.30	 .0769	223	3	100.0	10
02/12/24	2:10 p	48.2	48.3	48.1	88	44.8	5.0	NW	0.83	12.0	WSW	46.1	48.3	46.2	30.258	0.00	0.00	0.117	0.000	57.2	55	41.2	55.5	10.31	 .0770	220	3	100.0	10
02/12/24	2:20 p	48.1	48.2	48.0	88	44.7	5.0	NNW	0.83	10.0	WNW	46.0	48.2	46.1	30.259	0.00	0.00	0.117	0.000	56.9	56	41.4	55.3	10.45	 .0770	221	3	100.0	10
02/12/24	2:30 p	48.4	48.6	48.2	88	45.0	4.0	W	0.67	10.0	WNW	47.0	48.6	47.2	30.258	0.00	0.00	0.115	0.000	56.8	59	42.6	55.3	10.95	 .0770	218	3	100.0	10
02/12/24	2:40 p	48.6	48.6	48.5	87	44.9	5.0	NW	0.83	13.0	NNW	46.6	48.7	46.7	30.259	0.00	0.00	0.114	0.000	57.3	59	43.1	55.8	10.95	 .0769	216	3	99.5	10
02/12/24	2:50 p	48.5	48.6	48.4	86	44.5	6.0	NW	1.00	13.0	NE	45.9	48.6	46.0	30.257	0.00	0.00	0.115	0.000	57.7	58	43.0	56.2	10.75	 .0769	220	3	100.0	10
02/12/24	3:00 p	48.6	48.8	48.5	86	44.6	4.0	NW	0.67	11.0	WSW	47.3	48.7	47.4	30.257	0.00	0.00	0.114	0.000	57.9	60	44.1	56.5	11.11	 .0768	219	3	100.0	10
02/12/24	3:10 p	49.3	49.5	48.8	85	45.0	3.0	NNW	0.50	10.0	WSW	48.9	49.4	49.0	30.255	0.00	0.00	0.109	0.000	58.9	72	49.9	58.1	13.82	 .0765	223	3	100.0	10
02/12/24	3:20 p	49.8	49.9	49.6	83	44.8	3.0	NW	0.50	9.0	W	49.5	49.9	49.6	30.248	0.00	0.00	0.106	0.000	61.5	75	53.5	61.2	14.59	 .0759	220	3	100.0	10
02/12/24	3:30 p	50.2	50.5	49.9	82	44.9	3.0	WSW	0.50	8.0	WSW	49.9	50.2	49.9	30.238	0.00	0.00	0.103	0.000	64.8	75	56.7	64.9	14.46	 .0753	220	3	100.0	10
02/12/24	3:40 p	50.6	50.8	50.5	82	45.3	2.0	NW	0.33	7.0	NW	50.6	50.5	50.5	30.235	0.00	0.00	0.100	0.000	68.3	72	58.9	68.8	13.75	 .0747	218	3	100.0	10
02/12/24	3:50 p	51.1	51.2	50.8	81	45.5	2.0	WSW	0.33	9.0	SW	51.1	50.9	50.9	30.232	0.00	0.00	0.097	0.000	71.5	68	60.4	71.8	12.55	 .0742	223	3	100.0	10
02/12/24	4:00 p	50.9	51.2	50.6	82	45.6	2.0	NNW	0.33	7.0	NNW	50.9	50.8	50.8	30.232	0.00	0.00	0.098	0.000	73.6	61	59.3	74.0	11.11	 .0739	221	3	100.0	10
02/12/24	4:10 p	50.4	50.6	50.3	83	45.4	2.0	NNW	0.33	6.0	NW	50.4	50.4	50.4	30.237	0.00	0.00	0.101	0.000	73.5	58	57.8	73.7	10.61	 .0740	220	3	100.0	10
02/12/24	4:20 p	50.0	50.3	49.6	82	44.7	4.0	NW	0.67	11.0	NNW	48.9	50.0	48.9	30.242	0.00	0.00	0.104	0.000	72.4	55	55.3	72.1	10.10	 .0743	223	3	100.0	10
02/12/24	4:30 p	49.2	49.6	48.8	82	43.9	4.0	NW	0.67	12.0	NW	47.9	49.2	47.9	30.249	0.00	0.00	0.110	0.000	71.3	53	53.3	70.4	9.80	 .0745	222	3	100.0	10
02/12/24	4:40 p	48.6	48.8	48.3	82	43.4	5.0	NW	0.83	11.0	NW	46.6	48.6	46.6	30.252	0.00	0.00	0.114	0.000	70.1	52	51.7	68.7	9.65	 .0748	222	3	100.0	10
02/12/24	4:50 p	48.3	48.4	48.2	84	43.7	5.0	NNW	0.83	11.0	N	46.2	48.3	46.2	30.255	0.00	0.00	0.116	0.000	68.9	52	50.5	67.6	9.67	 .0750	222	3	100.0	10
02/12/24	5:00 p	48.2	48.3	48.1	85	43.9	4.0	NW	0.67	10.0	NNW	46.8	48.2	46.8	30.257	0.00	0.00	0.117	0.000	67.8	51	49.0	66.5	9.49	 .0752	224	3	100.0	10
02/12/24	5:10 p	48.2	48.3	48.1	85	43.9	4.0	NW	0.67	11.0	NW	46.8	48.2	46.8	30.259	0.00	0.00	0.117	0.000	66.9	51	48.2	65.5	9.51	 .0754	219	3	100.0	10
02/12/24	5:20 p	48.0	48.1	47.9	84	43.4	4.0	NW	0.67	10.0	NW	46.6	48.0	46.6	30.261	0.00	0.00	0.118	0.000	65.9	51	47.3	64.3	9.53	 .0755	220	3	100.0	10
02/12/24	5:30 p	47.8	47.9	47.8	85	43.5	2.0	NW	0.33	6.0	N	47.8	47.8	47.8	30.261	0.00	0.00	0.119	0.000	65.0	51	46.4	63.3	9.55	 .0757	223	3	100.0	10
02/12/24	5:40 p	47.9	47.9	47.8	84	43.3	2.0	NNW	0.33	6.0	NE	47.9	47.9	47.9	30.260	0.00	0.00	0.119	0.000	64.1	51	45.6	62.3	9.57	 .0758	221	3	100.0	10
02/12/24	5:50 p	47.7	47.8	47.6	84	43.1	2.0	NNW	0.33	6.0	N	47.7	47.7	47.7	30.260	0.00	0.00	0.120	0.000	63.2	51	44.8	61.4	9.59	 .0760	221	3	100.0	10
02/12/24	6:00 p	47.6	47.7	47.6	85	43.3	2.0	N	0.33	5.0	N	47.6	47.6	47.6	30.262	0.00	0.00	0.121	0.000	62.3	51	43.9	60.4	9.60	 .0762	220	3	100.0	10
02/12/24	6:10 p	47.6	47.6	47.4	85	43.3	2.0	WNW	0.33	5.0	N	47.6	47.6	47.6	30.261	0.00	0.00	0.121	0.000	61.5	51	43.2	59.6	9.62	 .0763	222	3	100.0	10
02/12/24	6:20 p	47.3	47.4	47.3	85	43.0	1.0	N	0.17	4.0	NNE	47.3	47.3	47.3	30.265	0.00	0.00	0.123	0.000	60.7	51	42.5	58.8	9.64	 .0764	223	3	100.0	10
02/12/24	6:30 p	47.0	47.3	46.7	86	43.0	3.0	N	0.50	5.0	N	46.3	47.0	46.3	30.269	0.00	0.00	0.125	0.000	59.9	51	41.7	58.0	9.65	 .0766	223	3	100.0	10
02/12/24	6:40 p	46.7	46.7	46.6	86	42.7	2.0	NNW	0.33	6.0	NW	46.7	46.7	46.7	30.271	0.00	0.00	0.127	0.000	59.1	51	41.0	57.2	9.65	 .0767	222	3	100.0	10
02/12/24	6:50 p	46.5	46.6	46.5	86	42.5	2.0	NNW	0.33	6.0	NW	46.5	46.5	46.5	30.271	0.00	0.00	0.128	0.000	58.4	51	40.3	56.5	9.65	 .0769	221	3	100.0	10
02/12/24	7:00 p	46.5	46.5	46.4	87	42.8	1.0	NW	0.17	5.0	NW	46.5	46.6	46.6	30.272	0.00	0.00	0.128	0.000	57.6	51	39.6	55.7	9.65	 .0770	222	3	100.0	10
02/12/24	7:10 p	46.5	46.5	46.4	86	42.5	1.0	WSW	0.17	3.0	NW	46.5	46.5	46.5	30.276	0.00	0.00	0.128	0.000	57.0	52	39.5	55.1	9.81	 .0771	219	3	100.0	10
02/12/24	7:20 p	46.4	46.5	46.4	87	42.7	1.0	WSW	0.17	2.0	WSW	46.4	46.5	46.5	30.277	0.00	0.00	0.129	0.000	56.4	52	39.0	54.6	9.82	 .0772	220	3	100.0	10
02/12/24	7:30 p	46.5	46.5	46.4	87	42.8	1.0	WSW	0.17	4.0	WNW	46.5	46.6	46.6	30.277	0.00	0.00	0.128	0.000	55.9	52	38.5	54.1	9.83	 .0773	223	3	100.0	10
02/12/24	7:40 p	46.6	46.6	46.5	86	42.6	1.0	W	0.17	3.0	WNW	46.6	46.6	46.6	30.277	0.00	0.00	0.128	0.000	55.5	52	38.1	53.8	9.84	 .0774	222	3	100.0	10
02/12/24	7:50 p	46.6	46.7	46.6	86	42.6	1.0	NNW	0.17	5.0	NNW	46.6	46.6	46.6	30.277	0.00	0.00	0.128	0.000	55.0	52	37.7	53.3	9.85	 .0774	220	3	100.0	10
02/12/24	8:00 p	46.7	46.8	46.7	86	42.7	2.0	NNW	0.33	7.0	WNW	46.7	46.7	46.7	30.279	0.00	0.00	0.127	0.000	54.6	53	37.8	53.0	9.95	 .0775	219	3	100.0	10
02/12/24	8:10 p	46.8	46.8	46.7	86	42.8	2.0	NW	0.33	6.0	N	46.8	46.8	46.8	30.280	0.00	0.00	0.126	0.000	54.3	53	37.5	52.7	9.95	 .0776	222	3	100.0	10
02/12/24	8:20 p	46.7	46.8	46.7	86	42.7	3.0	NNW	0.50	6.0	N	46.0	46.7	46.0	30.279	0.00	0.00	0.127	0.000	53.9	53	37.1	52.3	9.95	 .0776	223	3	100.0	10
02/12/24	8:30 p	46.7	46.8	46.7	86	42.7	4.0	NNW	0.67	9.0	NW	45.0	46.7	45.0	30.283	0.00	0.00	0.127	0.000	53.6	53	36.9	52.1	9.95	 .0777	221	3	100.0	10
02/12/24	8:40 p	46.8	46.8	46.8	86	42.8	4.0	NNW	0.67	8.0	NW	45.2	46.8	45.2	30.283	0.00	0.00	0.126	0.000	53.3	53	36.6	51.8	9.95	 .0777	222	3	100.0	10
02/12/24	8:50 p	46.8	46.8	46.8	86	42.8	5.0	NW	0.83	10.0	NNW	44.5	46.8	44.5	30.285	0.00	0.00	0.126	0.000	53.0	53	36.3	51.5	9.95	 .0778	220	3	100.0	10
02/12/24	9:00 p	46.8	46.9	46.8	85	42.5	4.0	NW	0.67	10.0	NNW	45.2	46.8	45.2	30.285	0.00	0.00	0.126	0.000	52.7	54	36.5	51.3	10.10	 .0778	223	3	100.0	10
02/12/24	9:10 p	46.9	46.9	46.8	86	42.9	4.0	NNW	0.67	6.0	NNW	45.3	46.9	45.3	30.283	0.00	0.00	0.126	0.000	52.6	54	36.4	51.2	10.10	 .0778	221	3	100.0	10
02/12/24	9:20 p	46.9	46.9	46.8	85	42.6	4.0	NNW	0.67	10.0	NNW	45.3	46.9	45.3	30.282	0.00	0.00	0.126	0.000	52.3	54	36.1	50.9	10.10	 .0779	223	3	100.0	10
02/12/24	9:30 p	46.8	46.9	46.7	85	42.5	4.0	NNW	0.67	10.0	NW	45.2	46.8	45.2	30.283	0.00	0.00	0.126	0.000	52.1	54	35.9	50.8	10.09	 .0779	223	3	100.0	10
02/12/24	9:40 p	46.7	46.8	46.7	85	42.4	3.0	NNW	0.50	8.0	NW	46.0	46.7	46.0	30.284	0.00	0.00	0.127	0.000	51.9	54	35.8	50.6	10.09	 .0780	222	3	100.0	10
02/12/24	9:50 p	46.8	46.9	46.8	85	42.5	3.0	NNW	0.50	9.0	N	46.1	46.8	46.1	30.283	0.00	0.00	0.126	0.000	51.7	54	35.6	50.4	10.08	 .0780	222	3	100.0	10
02/12/24	10:00 p	46.9	47.0	46.9	85	42.6	3.0	NNW	0.50	7.0	NNW	46.2	46.9	46.2	30.285	0.00	0.00	0.126	0.000	51.5	55	35.9	50.3	10.28	 .0780	217	3	100.0	10
02/12/24	10:10 p	46.9	46.9	46.9	85	42.6	4.0	NNW	0.67	7.0	WNW	45.3	46.9	45.3	30.285	0.00	0.00	0.126	0.000	51.4	55	35.8	50.2	10.28	 .0781	221	3	100.0	10
02/12/24	10:20 p	46.8	46.9	46.8	85	42.5	4.0	NW	0.67	11.0	NNW	45.2	46.8	45.2	30.284	0.00	0.00	0.126	0.000	51.2	55	35.6	50.1	10.27	 .0781	222	3	100.0	10
02/12/24	10:30 p	46.8	46.9	46.8	85	42.5	4.0	N	0.67	8.0	NNW	45.2	46.8	45.2	30.284	0.00	0.00	0.126	0.000	51.1	55	35.5	50.0	10.27	 .0781	223	3	100.0	10
02/12/24	10:40 p	46.8	46.8	46.7	85	42.5	3.0	N	0.50	6.0	NW	46.1	46.8	46.1	30.286	0.00	0.00	0.126	0.000	50.9	55	35.3	49.8	10.27	 .0781	224	3	100.0	10
02/12/24	10:50 p	46.7	46.8	46.6	85	42.4	3.0	NNW	0.50	6.0	N	46.0	46.7	46.0	30.284	0.00	0.00	0.127	0.000	50.8	55	35.2	49.7	10.27	 .0782	221	3	100.0	10
02/12/24	11:00 p	46.5	46.6	46.4	85	42.2	4.0	NNW	0.67	7.0	NW	44.8	46.5	44.8	30.282	0.00	0.00	0.128	0.000	50.7	55	35.1	49.6	10.26	 .0782	222	3	100.0	10
02/12/24	11:10 p	46.3	46.4	46.3	86	42.3	2.0	NNW	0.33	6.0	N	46.3	46.3	46.3	30.279	0.00	0.00	0.130	0.000	50.6	56	35.5	49.6	10.36	 .0782	223	3	100.0	10
02/12/24	11:20 p	46.2	46.3	46.1	86	42.2	2.0	NW	0.33	4.0	NNE	46.2	46.2	46.2	30.281	0.00	0.00	0.131	0.000	50.4	56	35.3	49.4	10.36	 .0782	217	3	100.0	10
02/12/24	11:30 p	46.1	46.1	46.0	86	42.1	1.0	NW	0.17	2.0	NW	46.1	46.1	46.1	30.282	0.00	0.00	0.131	0.000	50.3	56	35.2	49.3	10.36	 .0782	221	3	100.0	10
02/12/24	11:40 p	46.0	46.1	45.9	87	42.3	2.0	NNW	0.33	4.0	NNW	46.0	46.0	46.0	30.282	0.00	0.00	0.132	0.000	50.2	56	35.1	49.2	10.35	 .0782	222	3	100.0	10
02/12/24	11:50 p	45.8	45.9	45.8	87	42.2	2.0	NNW	0.33	5.0	NNW	45.8	45.8	45.8	30.280	0.00	0.00	0.133	0.000	50.0	56	34.9	49.0	10.35	 .0783	222	3	100.0	10
02/13/24	12:00 a	45.8	45.8	45.7	87	42.2	2.0	NNE	0.33	4.0	NNW	45.8	45.8	45.8	30.281	0.00	0.00	0.133	0.000	49.8	56	34.7	48.8	10.35	 .0783	222	3	100.0	10
02/13/24	12:10 a	45.7	45.7	45.6	88	42.3	2.0	NE	0.33	4.0	NNE	45.7	45.7	45.7	30.281	0.00	0.00	0.134	0.000	49.6	56	34.5	48.6	10.36	 .0783	221	3	100.0	10
02/13/24	12:20 a	45.6	45.6	45.5	88	42.3	1.0	NE	0.17	2.0	NE	45.6	45.6	45.6	30.282	0.00	0.00	0.135	0.000	49.4	56	34.3	48.4	10.36	 .0784	221	3	100.0	10
02/13/24	12:30 a	45.5	45.5	45.4	88	42.2	1.0	NE	0.17	2.0	NE	45.5	45.5	45.5	30.282	0.00	0.00	0.135	0.000	49.2	56	34.2	48.2	10.37	 .0784	220	3	100.0	10
02/13/24	12:40 a	45.4	45.5	45.4	88	42.1	0.0	NE	0.00	1.0	NE	45.4	45.4	45.4	30.282	0.00	0.00	0.136	0.000	49.0	56	34.0	48.0	10.37	 .0784	222	3	100.0	10
02/13/24	12:50 a	45.5	45.6	45.4	88	42.2	0.0	NE	0.00	3.0	NE	45.5	45.5	45.5	30.279	0.00	0.00	0.135	0.000	48.8	56	33.8	47.8	10.37	 .0785	222	3	100.0	10
02/13/24	1:00 a	45.6	45.7	45.6	88	42.3	0.0	NE	0.00	2.0	NE	45.6	45.6	45.6	30.281	0.00	0.00	0.135	0.000	48.7	56	33.7	47.7	10.38	 .0785	221	3	100.0	10
02/13/24	1:10 a	45.6	45.6	45.6	89	42.5	0.0	NE	0.00	3.0	NE	45.6	45.7	45.7	30.277	0.00	0.00	0.135	0.000	48.5	57	33.9	47.6	10.55	 .0785	222	3	100.0	10
02/13/24	1:20 a	45.6	45.6	45.5	89	42.5	0.0	---	0.00	0.0	---	45.6	45.7	45.7	30.276	0.00	0.00	0.135	0.000	48.3	57	33.8	47.4	10.55	 .0785	222	3	100.0	10
02/13/24	1:30 a	45.5	45.6	45.4	89	42.4	1.0	ENE	0.17	3.0	ENE	45.5	45.6	45.6	30.275	0.00	0.00	0.135	0.000	48.2	57	33.7	47.3	10.55	 .0786	222	3	100.0	10
02/13/24	1:40 a	45.2	45.3	45.2	90	42.4	2.0	ENE	0.33	3.0	ENE	45.2	45.3	45.3	30.274	0.00	0.00	0.137	0.000	48.1	57	33.6	47.2	10.55	 .0786	222	3	100.0	10
02/13/24	1:50 a	45.0	45.2	44.9	90	42.2	1.0	NE	0.17	4.0	NE	45.0	45.1	45.1	30.275	0.00	0.00	0.139	0.000	48.0	57	33.5	47.1	10.55	 .0786	220	3	100.0	10
02/13/24	2:00 a	44.9	45.0	44.8	90	42.1	1.0	NE	0.17	2.0	NE	44.9	45.0	45.0	30.275	0.00	0.00	0.140	0.000	47.9	57	33.4	47.0	10.55	 .0786	220	3	100.0	10
02/13/24	2:10 a	44.7	44.8	44.6	91	42.2	1.0	NE	0.17	3.0	NE	44.7	44.8	44.8	30.272	0.00	0.00	0.141	0.000	47.7	57	33.2	46.8	10.55	 .0786	221	3	100.0	10
02/13/24	2:20 a	44.6	44.7	44.6	91	42.1	1.0	NNW	0.17	3.0	NNW	44.6	44.7	44.7	30.270	0.00	0.00	0.142	0.000	47.6	57	33.1	46.7	10.55	 .0787	223	3	100.0	10
02/13/24	2:30 a	44.7	44.7	44.6	91	42.2	2.0	NNW	0.33	3.0	NNW	44.7	44.8	44.8	30.268	0.00	0.00	0.141	0.000	47.5	58	33.4	46.6	10.75	 .0787	221	3	100.0	10
02/13/24	2:40 a	44.8	44.8	44.7	90	42.0	2.0	N	0.33	4.0	N	44.8	44.9	44.9	30.265	0.00	0.00	0.140	0.000	47.4	58	33.4	46.5	10.75	 .0787	223	3	100.0	10
02/13/24	2:50 a	44.9	44.9	44.7	90	42.1	2.0	N	0.33	4.0	N	44.9	45.0	45.0	30.264	0.00	0.00	0.140	0.000	47.4	58	33.4	46.5	10.75	 .0787	223	3	100.0	10
02/13/24	3:00 a	44.9	45.0	44.9	90	42.1	1.0	NNW	0.17	3.0	NNW	44.9	45.0	45.0	30.259	0.00	0.00	0.140	0.000	47.4	58	33.4	46.5	10.75	 .0786	221	3	100.0	10
02/13/24	3:10 a	45.0	45.0	44.9	89	42.0	1.0	NNW	0.17	2.0	NNW	45.0	45.1	45.1	30.255	0.00	0.00	0.139	0.000	47.4	59	33.8	46.6	10.95	 .0786	222	3	100.0	10
02/13/24	3:20 a	44.8	45.0	44.5	88	41.5	2.0	N	0.33	6.0	NW	44.8	44.8	44.8	30.255	0.00	0.00	0.140	0.000	47.4	59	33.8	46.6	10.95	 .0786	224	3	100.0	10
02/13/24	3:30 a	44.3	44.5	44.2	88	41.0	2.0	N	0.33	6.0	N	44.3	44.3	44.3	30.254	0.00	0.00	0.144	0.000	47.3	59	33.7	46.5	10.95	 .0786	220	3	100.0	10
02/13/24	3:40 a	44.1	44.2	43.9	89	41.1	2.0	N	0.33	6.0	NNW	44.1	44.2	44.2	30.253	0.00	0.00	0.145	0.000	47.2	59	33.6	46.4	10.95	 .0787	223	3	100.0	10
02/13/24	3:50 a	44.0	44.0	43.9	89	41.0	2.0	N	0.33	5.0	NW	44.0	44.1	44.1	30.255	0.00	0.00	0.146	0.000	47.2	59	33.6	46.4	10.95	 .0787	220	3	100.0	10
02/13/24	4:00 a	43.9	44.0	43.9	89	40.9	2.0	NNW	0.33	6.0	NNW	43.9	44.0	44.0	30.256	0.00	0.00	0.147	0.000	47.2	59	33.6	46.4	10.95	 .0787	222	3	100.0	10
02/13/24	4:10 a	44.1	44.2	44.0	89	41.1	3.0	NNW	0.50	9.0	N	43.0	44.2	43.1	30.257	0.00	0.00	0.145	0.000	47.1	59	33.5	46.3	10.95	 .0787	221	3	100.0	10
02/13/24	4:20 a	44.1	44.2	44.0	89	41.1	3.0	NNW	0.50	7.0	NW	43.0	44.2	43.1	30.257	0.00	0.00	0.145	0.000	47.1	59	33.5	46.3	10.95	 .0787	220	3	100.0	10
02/13/24	4:30 a	43.9	44.0	43.8	89	40.9	2.0	N	0.33	6.0	N	43.9	44.0	44.0	30.257	0.00	0.00	0.147	0.000	47.1	59	33.5	46.3	10.95	 .0787	221	3	100.0	10
02/13/24	4:40 a	43.8	43.9	43.8	90	41.1	1.0	N	0.17	4.0	NNE	43.8	43.9	43.9	30.260	0.00	0.00	0.147	0.000	47.1	60	33.9	46.3	11.15	 .0787	222	3	100.0	10
02/13/24	4:50 a	44.0	44.0	43.9	89	41.0	1.0	NNW	0.17	4.0	N	44.0	44.1	44.1	30.260	0.00	0.00	0.146	0.000	47.1	60	33.9	46.3	11.15	 .0787	219	3	100.0	10
02/13/24	5:00 a	44.0	44.0	44.0	90	41.3	1.0	NNW	0.17	4.0	NNW	44.0	44.1	44.1	30.259	0.00	0.00	0.146	0.000	46.9	60	33.7	46.1	11.15	 .0787	222	3	100.0	10
02/13/24	5:10 a	44.0	44.1	44.0	90	41.3	1.0	NNW	0.17	4.0	NNE	44.0	44.1	44.1	30.258	0.00	0.00	0.146	0.000	46.9	60	33.7	46.1	11.15	 .0787	221	3	100.0	10
02/13/24	5:20 a	43.9	44.0	43.8	90	41.2	2.0	N	0.33	5.0	N	43.9	44.0	44.0	30.257	0.00	0.00	0.147	0.000	46.9	60	33.7	46.1	11.15	 .0787	220	3	100.0	10
02/13/24	5:30 a	43.7	43.8	43.7	90	41.0	2.0	NE	0.33	5.0	NE	43.7	43.8	43.8	30.256	0.00	0.00	0.148	0.000	46.9	60	33.7	46.1	11.15	 .0787	220	3	100.0	10
02/13/24	5:40 a	43.7	43.7	43.6	90	41.0	1.0	ENE	0.17	4.0	ENE	43.7	43.8	43.8	30.252	0.00	0.00	0.148	0.000	46.9	60	33.7	46.1	11.15	 .0787	217	3	100.0	10
02/13/24	5:50 a	43.7	43.7	43.6	90	41.0	1.0	ENE	0.17	4.0	NNE	43.7	43.8	43.8	30.251	0.00	0.00	0.148	0.000	46.8	60	33.6	46.0	11.15	 .0787	222	3	100.0	10
02/13/24	6:00 a	43.7	43.8	43.7	90	41.0	1.0	ENE	0.17	4.0	ENE	43.7	43.8	43.8	30.250	0.00	0.00	0.148	0.000	46.8	60	33.6	46.0	11.15	 .0787	221	3	100.0	10
02/13/24	6:10 a	43.7	43.8	43.6	90	41.0	1.0	ENE	0.17	4.0	ENE	43.7	43.8	43.8	30.251	0.00	0.00	0.148	0.000	46.8	60	33.6	46.0	11.15	 .0787	223	3	100.0	10
02/13/24	6:20 a	43.5	43.6	43.4	90	40.8	1.0	NE	0.17	4.0	NE	43.5	43.5	43.5	30.250	0.00	0.00	0.149	0.000	46.6	60	33.4	45.8	11.15	 .0787	220	3	100.0	10
02/13/24	6:30 a	43.4	43.5	43.4	91	40.9	2.0	ENE	0.33	4.0	NE	43.4	43.5	43.5	30.250	0.00	0.00	0.150	0.000	46.6	61	33.9	45.8	11.42	 .0787	223	3	100.0	10
02/13/24	6:40 a	43.5	43.6	43.4	91	41.0	2.0	ENE	0.33	4.0	ENE	43.5	43.6	43.6	30.247	0.00	0.00	0.149	0.000	46.6	61	33.9	45.8	11.42	 .0787	221	3	100.0	10
02/13/24	6:50 a	43.6	43.7	43.6	90	40.9	1.0	ENE	0.17	3.0	ENE	43.6	43.7	43.7	30.250	0.00	0.00	0.149	0.000	46.6	61	33.9	45.8	11.42	 .0787	222	3	100.0	10
02/13/24	7:00 a	43.6	43.7	43.6	90	40.9	1.0	NNE	0.17	3.0	NNE	43.6	43.7	43.7	30.250	0.00	0.00	0.149	0.000	46.6	61	33.9	45.8	11.42	 .0787	222	3	100.0	10
02/13/24	7:10 a	43.6	43.7	43.6	90	40.9	1.0	NNE	0.17	4.0	ENE	43.6	43.7	43.7	30.249	0.00	0.00	0.149	0.000	46.6	61	33.9	45.8	11.42	 .0787	221	3	100.0	10
02/13/24	7:20 a	43.7	43.7	43.6	90	41.0	1.0	NNE	0.17	3.0	NE	43.7	43.8	43.8	30.246	0.00	0.00	0.148	0.000	46.6	61	33.9	45.8	11.42	 .0787	221	3	100.0	10
02/13/24	7:30 a	43.7	43.7	43.6	90	41.0	1.0	NE	0.17	6.0	NE	43.7	43.8	43.8	30.246	0.00	0.00	0.148	0.000	46.5	61	33.8	45.7	11.42	 .0787	221	3	100.0	10
02/13/24	7:40 a	43.6	43.7	43.6	90	40.9	1.0	NNE	0.17	4.0	NNE	43.6	43.7	43.7	30.246	0.00	0.00	0.149	0.000	46.5	61	33.8	45.7	11.42	 .0787	221	3	100.0	10
02/13/24	7:50 a	43.7	43.8	43.6	91	41.2	1.0	NE	0.17	3.0	NE	43.7	43.8	43.8	30.245	0.00	0.00	0.148	0.000	46.5	61	33.8	45.7	11.42	 .0787	220	3	100.0	10
02/13/24	8:00 a	43.9	44.0	43.8	90	41.2	1.0	N	0.17	4.0	N	43.9	44.0	44.0	30.245	0.00	0.00	0.147	0.000	46.5	62	34.2	45.7	11.62	 .0787	221	3	100.0	10
02/13/24	8:10 a	44.1	44.2	43.9	89	41.1	2.0	NNE	0.33	4.0	NE	44.1	44.2	44.2	30.244	0.00	0.00	0.145	0.000	46.6	62	34.3	45.8	11.62	 .0787	221	3	100.0	10
02/13/24	8:20 a	44.2	44.3	44.2	89	41.2	3.0	NNW	0.50	6.0	NNW	43.1	44.3	43.2	30.247	0.00	0.00	0.144	0.000	46.8	63	34.9	46.1	11.81	 .0787	220	3	100.0	10
02/13/24	8:30 a	44.1	44.2	44.0	90	41.4	3.0	NNW	0.50	7.0	NNW	43.0	44.2	43.1	30.245	0.00	0.00	0.145	0.000	46.9	63	35.0	46.2	11.81	 .0787	220	3	100.0	10
02/13/24	8:40 a	44.2	44.3	44.1	90	41.5	2.0	NW	0.33	5.0	NNW	44.2	44.3	44.3	30.245	0.00	0.00	0.144	0.000	47.1	63	35.1	46.4	11.81	 .0786	223	3	100.0	10
02/13/24	8:50 a	44.4	44.5	44.3	89	41.4	2.0	N	0.33	5.0	NNE	44.4	44.5	44.5	30.247	0.00	0.00	0.143	0.000	47.2	63	35.2	46.5	11.81	 .0786	219	3	100.0	10
02/13/24	9:00 a	44.5	44.5	44.4	89	41.5	2.0	NNE	0.33	6.0	NNE	44.5	44.6	44.6	30.249	0.00	0.00	0.142	0.000	47.4	64	35.8	46.7	12.00	 .0786	218	3	100.0	10
02/13/24	9:10 a	44.5	44.6	44.5	89	41.5	2.0	NNE	0.33	6.0	ENE	44.5	44.6	44.6	30.246	0.00	0.00	0.142	0.000	47.5	64	35.9	46.8	12.00	 .0785	219	3	100.0	10
02/13/24	9:20 a	44.6	44.7	44.5	89	41.6	1.0	NNW	0.17	4.0	NE	44.6	44.7	44.7	30.245	0.00	0.00	0.142	0.000	47.7	64	36.1	47.0	12.00	 .0785	218	3	100.0	10
02/13/24	9:30 a	44.8	45.0	44.7	89	41.8	1.0	NE	0.17	4.0	W	44.8	44.9	44.9	30.246	0.00	0.00	0.140	0.000	47.9	64	36.3	47.2	11.99	 .0785	222	3	100.0	10
02/13/24	9:40 a	45.1	45.3	45.0	89	42.1	1.0	N	0.17	4.0	WNW	45.1	45.2	45.2	30.247	0.00	0.00	0.138	0.000	48.1	64	36.5	47.4	11.99	 .0784	219	3	100.0	10
02/13/24	9:50 a	45.4	45.5	45.2	87	41.8	3.0	N	0.50	7.0	NNW	44.5	45.4	44.5	30.245	0.00	0.00	0.136	0.000	48.3	65	37.1	47.6	12.18	 .0784	215	3	99.1	10
02/13/24	10:00 a	45.3	45.4	45.2	87	41.7	2.0	NE	0.33	7.0	NNW	45.3	45.3	45.3	30.239	0.00	0.00	0.137	0.000	48.5	65	37.3	47.8	12.18	 .0783	216	3	99.5	10
02/13/24	10:10 a	45.4	45.5	45.3	86	41.5	4.0	NNW	0.67	9.0	N	43.5	45.4	43.5	30.238	0.00	0.00	0.136	0.000	48.8	65	37.6	48.2	12.17	 .0783	218	3	100.0	10
02/13/24	10:20 a	45.4	45.7	45.2	86	41.5	2.0	N	0.33	5.0	NW	45.4	45.4	45.4	30.235	0.00	0.00	0.136	0.000	49.1	66	38.2	48.5	12.37	 .0782	219	3	100.0	10
02/13/24	10:30 a	46.2	46.5	45.7	84	41.6	2.0	ENE	0.33	7.0	NW	46.2	46.2	46.2	30.233	0.00	0.00	0.131	0.000	49.5	67	39.0	49.0	12.56	 .0781	219	3	100.0	10
02/13/24	10:40 a	46.8	47.3	46.5	83	41.9	2.0	NE	0.33	5.0	NNE	46.8	46.7	46.7	30.229	0.00	0.00	0.126	0.000	50.0	68	39.8	49.5	12.75	 .0780	219	3	100.0	10
02/13/24	10:50 a	47.7	48.1	47.3	81	42.2	2.0	NNW	0.33	4.0	N	47.7	47.6	47.6	30.227	0.00	0.00	0.120	0.000	50.8	71	41.7	50.3	13.67	 .0778	220	3	100.0	10
02/13/24	11:00 a	48.4	48.7	48.1	79	42.2	2.0	NW	0.33	7.0	N	48.4	48.3	48.3	30.225	0.00	0.00	0.115	0.000	52.1	74	44.1	51.6	14.49	 .0776	218	3	100.0	10
02/13/24	11:10 a	48.5	48.8	48.3	78	42.0	3.0	N	0.50	7.0	NNW	48.0	48.3	47.8	30.221	0.00	0.00	0.115	0.000	53.9	78	47.2	53.5	15.75	 .0772	217	3	100.0	10
02/13/24	11:20 a	49.3	50.1	48.5	71	40.3	2.0	N	0.33	6.0	NW	49.3	48.9	48.9	30.218	0.00	0.00	0.109	0.000	56.4	79	50.0	56.0	16.05	 .0767	219	3	100.0	10
02/13/24	11:30 a	50.8	51.3	50.1	75	43.2	1.0	SE	0.17	5.0	SE	50.8	50.4	50.4	30.212	0.00	0.00	0.099	0.000	59.3	77	52.1	58.9	15.36	 .0762	217	3	100.0	10
02/13/24	11:40 a	50.7	51.3	49.9	75	43.1	2.0	ENE	0.33	6.0	ESE	50.7	50.4	50.4	30.207	0.00	0.00	0.099	0.000	61.5	72	52.4	60.9	13.75	 .0759	217	3	100.0	10
02/13/24	11:50 a	49.3	49.9	48.8	77	42.4	1.0	SE	0.17	5.0	SE	49.3	49.1	49.1	30.209	0.00	0.00	0.109	0.000	62.3	68	51.6	61.6	12.75	 .0758	221	3	100.0	10
02/13/24	12:00 p	48.7	48.8	48.5	75	41.1	2.0	NNW	0.33	10.0	NW	48.7	48.4	48.4	30.203	0.00	0.00	0.113	0.000	62.2	66	50.7	61.4	12.26	 .0758	218	3	100.0	10
02/13/24	12:10 p	48.6	48.8	48.5	74	40.7	3.0	NW	0.50	9.0	WSW	48.1	48.3	47.8	30.198	0.00	0.00	0.114	0.000	61.9	66	50.4	61.0	12.27	 .0759	217	3	100.0	10
02/13/24	12:20 p	48.5	48.8	48.1	74	40.6	6.0	NNW	1.00	12.0	NW	45.9	48.2	45.6	30.200	0.00	0.00	0.115	0.000	62.1	65	50.2	61.2	12.01	 .0758	217	3	100.0	10
02/13/24	12:30 p	48.1	48.4	47.9	74	40.2	4.0	WNW	0.67	12.0	NNE	46.7	47.8	46.4	30.194	0.00	0.00	0.117	0.000	62.2	66	50.7	61.4	12.26	 .0758	219	3	100.0	10
02/13/24	12:40 p	48.9	49.1	48.5	72	40.3	4.0	NW	0.67	10.0	W	47.6	48.5	47.2	30.190	0.00	0.00	0.112	0.000	63.2	71	53.6	62.8	13.51	 .0755	222	3	100.0	10
02/13/24	12:50 p	49.1	49.3	49.0	69	39.4	4.0	NW	0.67	12.0	NNW	47.8	48.7	47.4	30.186	0.00	0.00	0.110	0.000	65.4	67	54.2	65.0	12.44	 .0752	219	3	100.0	10
02/13/24	1:00 p	49.2	49.3	49.0	70	39.8	3.0	N	0.50	7.0	N	48.7	48.8	48.3	30.184	0.00	0.00	0.110	0.000	66.6	64	54.0	66.2	11.72	 .0750	222	3	100.0	10
02/13/24	1:10 p	49.1	49.3	49.0	71	40.1	4.0	NNW	0.67	11.0	NNW	47.8	48.7	47.4	30.180	0.00	0.00	0.110	0.000	66.7	62	53.3	66.1	11.42	 .0750	219	3	100.0	10
02/13/24	1:20 p	48.9	49.0	48.8	73	40.6	4.0	NW	0.67	10.0	W	47.6	48.6	47.3	30.180	0.00	0.00	0.112	0.000	66.3	61	52.4	65.6	11.25	 .0751	220	3	100.0	10
02/13/24	1:30 p	48.8	48.8	48.7	73	40.5	4.0	W	0.67	11.0	SW	47.5	48.5	47.2	30.177	0.00	0.00	0.113	0.000	66.1	61	52.3	65.3	11.25	 .0751	220	3	100.0	10
02/13/24	1:40 p	48.8	48.9	48.8	73	40.5	4.0	NNW	0.67	9.0	NW	47.5	48.5	47.2	30.172	0.00	0.00	0.113	0.000	66.3	60	52.0	65.5	11.05	 .0751	218	3	100.0	10
02/13/24	1:50 p	48.9	49.2	48.8	72	40.3	3.0	NNW	0.50	10.0	N	48.4	48.5	48.0	30.169	0.00	0.00	0.112	0.000	66.5	60	52.2	65.7	11.05	 .0751	216	3	99.5	10
02/13/24	2:00 p	49.1	49.2	49.0	72	40.5	5.0	NW	0.83	12.0	S	47.1	48.7	46.7	30.164	0.00	0.00	0.110	0.000	67.1	60	52.7	66.4	11.05	 .0749	212	3	97.7	10
02/13/24	2:10 p	49.0	49.1	48.9	72	40.4	5.0	NW	0.83	11.0	N	47.0	48.6	46.6	30.162	0.00	0.00	0.111	0.000	67.8	59	52.9	67.2	10.95	 .0748	218	3	100.0	10
02/13/24	2:20 p	48.7	48.9	48.6	72	40.1	4.0	NNW	0.67	11.0	WNW	47.4	48.3	47.0	30.160	0.00	0.00	0.113	0.000	68.2	58	52.9	67.5	10.75	 .0748	215	3	99.1	10
02/13/24	2:30 p	48.7	48.8	48.6	71	39.7	4.0	WNW	0.67	14.0	WNW	47.4	48.3	47.0	30.158	0.00	0.00	0.113	0.000	68.3	57	52.5	67.6	10.58	 .0748	221	3	100.0	10
02/13/24	2:40 p	49.0	49.2	48.7	69	39.3	5.0	W	0.83	13.0	WSW	47.0	48.6	46.6	30.155	0.00	0.00	0.111	0.000	69.3	63	56.2	69.1	11.56	 .0745	219	3	100.0	10
02/13/24	2:50 p	49.1	49.2	49.0	69	39.4	4.0	NW	0.67	11.0	NW	47.8	48.7	47.4	30.152	0.00	0.00	0.110	0.000	71.7	61	57.5	71.6	11.18	 .0741	215	3	99.1	10
02/13/24	3:00 p	49.4	49.5	49.2	68	39.3	3.0	NW	0.50	8.0	W	49.0	48.9	48.5	30.150	0.00	0.00	0.108	0.000	74.0	57	57.8	74.2	10.39	 .0737	221	3	100.0	10
02/13/24	3:10 p	49.2	49.4	49.0	69	39.5	5.0	W	0.83	11.0	SW	47.2	48.8	46.8	30.151	0.00	0.00	0.110	0.000	75.2	55	57.9	75.4	10.04	 .0736	220	3	100.0	10
02/13/24	3:20 p	49.0	49.1	48.9	69	39.3	4.0	W	0.67	13.0	WSW	47.7	48.6	47.3	30.148	0.00	0.00	0.111	0.000	74.9	53	56.6	75.0	9.65	 .0737	221	3	100.0	10
02/13/24	3:30 p	49.3	49.4	49.1	69	39.6	4.0	NW	0.67	11.0	NNW	48.1	48.9	47.7	30.145	0.00	0.00	0.109	0.000	74.8	53	56.5	74.9	9.66	 .0737	219	3	100.0	10
02/13/24	3:40 p	49.2	49.3	49.1	69	39.5	4.0	NNW	0.67	9.0	WNW	47.9	48.8	47.5	30.146	0.00	0.00	0.110	0.000	75.0	51	55.6	75.0	9.35	 .0737	219	3	100.0	10
02/13/24	3:50 p	48.8	49.1	48.6	69	39.1	5.0	NW	0.83	10.0	W	46.8	48.3	46.3	30.146	0.00	0.00	0.113	0.000	74.8	50	54.9	74.7	9.25	 .0737	218	3	100.0	10
02/13/24	4:00 p	48.6	48.7	48.5	69	38.9	5.0	W	0.83	13.0	W	46.6	48.1	46.1	30.147	0.00	0.00	0.114	0.000	74.5	50	54.6	74.4	9.25	 .0738	223	3	100.0	10
02/13/24	4:10 p	48.4	48.5	48.3	70	39.1	4.0	W	0.67	10.0	SW	47.0	47.9	46.5	30.146	0.00	0.00	0.115	0.000	74.3	48	53.3	73.9	8.94	 .0739	219	3	100.0	10
02/13/24	4:20 p	48.3	48.4	48.3	70	39.0	3.0	W	0.50	8.0	WNW	47.7	47.8	47.2	30.144	0.00	0.00	0.116	0.000	73.7	46	51.6	73.0	8.58	 .0740	224	3	100.0	10
02/13/24	4:30 p	48.4	48.5	48.3	70	39.1	4.0	NW	0.67	10.0	NNW	47.0	47.9	46.5	30.141	0.00	0.00	0.115	0.000	73.0	47	51.6	72.3	8.75	 .0741	220	3	100.0	10
02/13/24	4:40 p	48.5	48.5	48.4	69	38.8	4.0	NW	0.67	11.0	N	47.2	48.0	46.7	30.139	0.00	0.00	0.115	0.000	72.8	47	51.4	72.0	8.75	 .0741	222	3	100.0	10
02/13/24	4:50 p	48.3	48.4	48.2	70	39.0	4.0	WNW	0.67	11.0	W	46.9	47.8	46.4	30.138	0.00	0.00	0.116	0.000	72.7	46	50.7	71.7	8.60	 .0742	222	3	100.0	10
02/13/24	5:00 p	48.2	48.3	48.1	69	38.5	4.0	NW	0.67	10.0	NNW	46.8	47.7	46.3	30.135	0.00	0.00	0.117	0.000	72.2	44	49.1	70.8	8.31	 .0743	223	3	100.0	10
02/13/24	5:10 p	47.9	48.1	47.8	69	38.2	3.0	NW	0.50	11.0	WNW	47.3	47.4	46.8	30.134	0.00	0.00	0.119	0.000	71.4	43	47.7	69.6	8.19	 .0744	220	3	100.0	10
02/13/24	5:20 p	47.7	47.8	47.6	70	38.4	2.0	NW	0.33	6.0	NW	47.7	47.2	47.2	30.136	0.00	0.00	0.120	0.000	70.2	42	46.0	67.9	8.05	 .0747	222	3	100.0	10
02/13/24	5:30 p	47.4	47.6	47.1	70	38.1	4.0	NW	0.67	10.0	NW	45.9	46.9	45.4	30.136	0.00	0.00	0.122	0.000	69.0	42	44.9	66.7	8.07	 .0749	221	3	100.0	10
02/13/24	5:40 p	47.0	47.1	46.8	70	37.7	3.0	NW	0.50	7.0	NW	46.3	46.5	45.8	30.136	0.00	0.00	0.125	0.000	67.7	41	43.1	65.5	7.95	 .0751	220	3	100.0	10
02/13/24	5:50 p	46.7	46.8	46.6	71	37.8	3.0	NW	0.50	6.0	NNW	46.0	46.2	45.5	30.136	0.00	0.00	0.127	0.000	66.5	41	42.1	64.1	7.95	 .0753	222	3	100.0	10
02/13/24	6:00 p	46.5	46.6	46.4	72	38.0	3.0	NW	0.50	8.0	NW	45.8	46.1	45.4	30.136	0.00	0.00	0.128	0.000	65.4	42	41.7	63.1	8.14	 .0755	221	3	100.0	10
02/13/24	6:10 p	46.4	46.5	46.3	73	38.2	3.0	NNW	0.50	9.0	NNW	45.6	46.0	45.2	30.139	0.00	0.00	0.129	0.000	64.3	42	40.7	61.9	8.15	 .0756	222	3	100.0	10
02/13/24	6:20 p	46.2	46.3	46.0	75	38.7	4.0	NNW	0.67	11.0	NW	44.4	45.8	44.0	30.138	0.00	0.00	0.131	0.000	63.2	42	39.7	60.7	8.15	 .0758	219	3	100.0	10
02/13/24	6:30 p	45.9	46.0	45.8	77	39.1	4.0	NNW	0.67	10.0	NNW	44.1	45.6	43.8	30.140	0.00	0.00	0.133	0.000	62.2	42	38.8	59.7	8.15	 .0760	222	3	100.0	10
02/13/24	6:40 p	45.7	45.8	45.6	78	39.2	3.0	NW	0.50	9.0	NW	44.8	45.4	44.5	30.143	0.00	0.00	0.134	0.000	61.3	42	38.0	58.8	8.15	 .0762	222	3	100.0	10
02/13/24	6:50 p	45.7	45.7	45.6	79	39.6	3.0	NNW	0.50	9.0	NNW	44.8	45.5	44.6	30.142	0.00	0.00	0.134	0.000	60.4	43	37.8	57.9	8.34	 .0763	222	3	100.0	10
02/13/24	7:00 p	45.6	45.7	45.6	79	39.5	3.0	NNW	0.50	7.0	WNW	44.7	45.4	44.5	30.145	0.00	0.00	0.135	0.000	59.6	43	37.1	57.2	8.34	 .0764	222	3	100.0	10
02/13/24	7:10 p	45.6	45.6	45.5	78	39.1	3.0	NNW	0.50	9.0	WNW	44.7	45.3	44.4	30.143	0.00	0.00	0.135	0.000	58.8	43	36.3	56.4	8.33	 .0766	221	3	100.0	10
02/13/24	7:20 p	45.6	45.6	45.5	77	38.8	2.0	NNW	0.33	6.0	N	45.6	45.3	45.3	30.149	0.00	0.00	0.135	0.000	58.1	44	36.3	55.7	8.51	 .0767	221	3	100.0	10
02/13/24	7:30 p	45.4	45.6	45.4	77	38.6	3.0	N	0.50	8.0	N	44.5	45.1	44.2	30.148	0.00	0.00	0.136	0.000	57.4	44	35.6	55.1	8.50	 .0768	223	3	100.0	10
02/13/24	7:40 p	45.4	45.4	45.3	77	38.6	2.0	N	0.33	6.0	N	45.4	45.1	45.1	30.152	0.00	0.00	0.136	0.000	56.8	44	35.1	54.5	8.49	 .0769	221	3	100.0	10
02/13/24	7:50 p	45.4	45.4	45.3	77	38.6	2.0	N	0.33	5.0	NNE	45.4	45.1	45.1	30.152	0.00	0.00	0.136	0.000	56.3	44	34.6	54.1	8.48	 .0770	219	3	100.0	10
02/13/24	8:00 p	45.4	45.4	45.3	78	38.9	2.0	NNW	0.33	5.0	NNE	45.4	45.1	45.1	30.152	0.00	0.00	0.136	0.000	55.8	45	34.8	53.6	8.65	 .0771	221	3	100.0	10
02/13/24	8:10 p	45.3	45.4	45.3	80	39.5	3.0	NNW	0.50	6.0	NNW	44.4	45.1	44.2	30.147	0.00	0.00	0.137	0.000	55.3	45	34.3	53.2	8.65	 .0771	221	3	100.0	10
02/13/24	8:20 p	45.3	45.4	45.2	81	39.8	2.0	NNW	0.33	6.0	WNW	45.3	45.1	45.1	30.148	0.00	0.00	0.137	0.000	54.8	45	33.8	52.7	8.65	 .0772	220	3	100.0	10
02/13/24	8:30 p	45.2	45.3	45.1	81	39.7	3.0	NNW	0.50	9.0	N	44.2	45.0	44.0	30.148	0.00	0.00	0.137	0.000	54.3	45	33.4	52.3	8.66	 .0773	222	3	100.0	10
02/13/24	8:40 p	45.0	45.1	44.9	82	39.8	2.0	N	0.33	5.0	N	45.0	44.8	44.8	30.147	0.00	0.00	0.139	0.000	53.8	45	32.9	51.8	8.67	 .0774	221	3	100.0	10
02/13/24	8:50 p	44.8	44.9	44.7	82	39.6	2.0	N	0.33	5.0	NNW	44.8	44.6	44.6	30.148	0.00	0.00	0.140	0.000	53.4	45	32.6	51.5	8.68	 .0775	221	3	100.0	10
02/13/24	9:00 p	44.6	44.7	44.5	83	39.8	3.0	N	0.50	6.0	N	43.6	44.5	43.5	30.149	0.00	0.00	0.142	0.000	52.9	45	32.1	51.1	8.69	 .0775	220	3	100.0	10
02/13/24	9:10 p	44.3	44.5	44.3	84	39.8	3.0	NNW	0.50	9.0	NNW	43.2	44.2	43.1	30.151	0.00	0.00	0.144	0.000	52.5	46	32.3	50.8	8.85	 .0776	221	3	100.0	10
02/13/24	9:20 p	44.2	44.3	44.2	84	39.7	1.0	NNW	0.17	4.0	N	44.2	44.1	44.1	30.156	0.00	0.00	0.144	0.000	52.1	46	31.9	50.4	8.85	 .0777	221	3	100.0	10
02/13/24	9:30 p	44.1	44.2	44.1	84	39.6	1.0	NNW	0.17	3.0	NNW	44.1	44.0	44.0	30.156	0.00	0.00	0.145	0.000	51.7	46	31.6	50.1	8.85	 .0778	218	3	100.0	10
02/13/24	9:40 p	44.0	44.1	44.0	85	39.8	1.0	N	0.17	3.0	N	44.0	43.9	43.9	30.153	0.00	0.00	0.146	0.000	51.3	46	31.2	49.8	8.85	 .0778	221	3	100.0	10
02/13/24	9:50 p	43.8	44.0	43.8	85	39.6	2.0	N	0.33	5.0	NNW	43.8	43.7	43.7	30.152	0.00	0.00	0.147	0.000	50.9	46	30.8	49.5	8.85	 .0779	219	3	100.0	10
02/13/24	10:00 p	43.9	44.0	43.8	85	39.7	2.0	NE	0.33	5.0	ENE	43.9	43.8	43.8	30.152	0.00	0.00	0.147	0.000	50.5	47	31.0	49.2	9.04	 .0779	220	3	100.0	10
02/13/24	10:10 p	44.1	44.1	44.0	85	39.9	1.0	ENE	0.17	3.0	NE	44.1	44.0	44.0	30.149	0.00	0.00	0.145	0.000	50.1	47	30.6	48.8	9.05	 .0780	219	3	100.0	10
02/13/24	10:20 p	44.0	44.2	43.8	85	39.8	1.0	ENE	0.17	2.0	ENE	44.0	43.9	43.9	30.151	0.00	0.00	0.146	0.000	49.8	47	30.4	48.5	9.05	 .0781	219	3	100.0	10
02/13/24	10:30 p	43.7	43.8	43.6	85	39.5	1.0	ENE	0.17	3.0	NNE	43.7	43.6	43.6	30.149	0.00	0.00	0.148	0.000	49.5	47	30.1	48.2	9.04	 .0781	220	3	100.0	10
02/13/24	10:40 p	43.5	43.6	43.4	86	39.6	1.0	NNE	0.17	4.0	NNE	43.5	43.4	43.4	30.148	0.00	0.00	0.149	0.000	49.2	47	29.8	47.9	9.03	 .0781	218	3	100.0	10
02/13/24	10:50 p	43.3	43.4	43.3	86	39.4	1.0	NNE	0.17	3.0	NNE	43.3	43.2	43.2	30.146	0.00	0.00	0.151	0.000	48.9	47	29.5	47.6	9.03	 .0782	218	3	100.0	10
02/13/24	11:00 p	43.2	43.3	43.1	86	39.3	3.0	NNE	0.50	5.0	N	42.0	43.1	41.9	30.145	0.00	0.00	0.151	0.000	48.6	48	29.8	47.4	9.15	 .0782	219	3	100.0	10
02/13/24	11:10 p	42.9	43.1	42.8	87	39.3	3.0	NNE	0.50	5.0	NNE	41.7	42.8	41.6	30.146	0.00	0.00	0.153	0.000	48.3	48	29.5	47.1	9.15	 .0783	220	3	100.0	10
02/13/24	11:20 p	42.7	42.8	42.6	87	39.1	3.0	NNE	0.50	5.0	NNE	41.4	42.6	41.3	30.143	0.00	0.00	0.155	0.000	48.1	48	29.3	46.9	9.15	 .0783	221	3	100.0	10
02/13/24	11:30 p	42.6	42.7	42.5	87	39.0	2.0	NNW	0.33	5.0	NNW	42.6	42.5	42.5	30.141	0.00	0.00	0.156	0.000	47.8	48	29.0	46.6	9.15	 .0784	215	3	99.1	10
02/13/24	11:40 p	42.4	42.5	42.3	87	38.8	2.0	NNW	0.33	6.0	NNW	42.4	42.3	42.3	30.144	0.00	0.00	0.157	0.000	47.5	48	28.8	46.3	9.15	 .0784	219	3	100.0	10
02/13/24	11:50 p	42.3	42.4	42.3	87	38.7	2.0	N	0.33	6.0	NNW	42.3	42.2	42.2	30.144	0.00	0.00	0.158	0.000	47.3	48	28.6	46.1	9.15	 .0785	222	3	100.0	10
02/14/24	12:00 a	42.2	42.3	42.1	87	38.6	2.0	NNW	0.33	6.0	NNW	42.2	42.1	42.1	30.144	0.00	0.00	0.158	0.000	47.0	49	28.8	45.8	9.29	 .0785	221	3	100.0	10
02/14/24	12:10 a	41.9	42.1	41.8	87	38.3	3.0	NNW	0.50	5.0	NNW	40.5	41.8	40.4	30.144	0.00	0.00	0.160	0.000	46.8	49	28.6	45.6	9.29	 .0785	222	3	100.0	10
02/14/24	12:20 a	41.6	41.8	41.5	87	38.0	3.0	NNW	0.50	5.0	NNW	40.2	41.5	40.1	30.141	0.00	0.00	0.163	0.000	46.6	49	28.4	45.4	9.28	 .0786	220	3	100.0	10
02/14/24	12:30 a	41.4	41.5	41.4	88	38.1	3.0	NNW	0.50	6.0	NNW	39.9	41.3	39.8	30.140	0.00	0.00	0.164	0.000	46.4	49	28.3	45.2	9.28	 .0786	222	3	100.0	10
02/14/24	12:40 a	41.4	41.4	41.4	88	38.1	2.0	NW	0.33	5.0	NNW	41.3	41.3	41.2	30.135	0.00	0.00	0.164	0.000	46.2	49	28.1	45.0	9.27	 .0786	223	3	100.0	10
02/14/24	12:50 a	41.5	41.5	41.4	87	37.9	2.0	NNE	0.33	5.0	NNW	41.5	41.4	41.4	30.131	0.00	0.00	0.163	0.000	46.1	49	28.0	45.0	9.27	 .0786	221	3	100.0	10
02/14/24	1:00 a	41.4	41.4	41.4	87	37.8	1.0	NNW	0.17	4.0	NNW	41.4	41.3	41.3	30.128	0.00	0.00	0.164	0.000	45.9	50	28.3	44.8	9.45	 .0786	222	3	100.0	10
02/14/24	1:10 a	41.4	41.4	41.4	87	37.8	1.0	N	0.17	4.0	N	41.4	41.3	41.3	30.129	0.00	0.00	0.164	0.000	45.7	50	28.1	44.6	9.45	 .0787	222	3	100.0	10
02/14/24	1:20 a	41.4	41.4	41.4	87	37.8	1.0	WNW	0.17	3.0	NNW	41.4	41.3	41.3	30.127	0.00	0.00	0.164	0.000	45.6	50	28.0	44.5	9.45	 .0787	218	3	100.0	10
02/14/24	1:30 a	41.4	41.5	41.4	87	37.8	3.0	NE	0.50	5.0	NE	39.9	41.3	39.8	30.126	0.00	0.00	0.164	0.000	45.5	50	27.9	44.4	9.45	 .0787	219	3	100.0	10
02/14/24	1:40 a	41.4	41.4	41.3	87	37.8	2.0	NNW	0.33	6.0	WNW	41.3	41.3	41.2	30.124	0.00	0.00	0.164	0.000	45.4	50	27.8	44.3	9.45	 .0787	219	3	100.0	10
02/14/24	1:50 a	41.3	41.4	41.3	87	37.7	2.0	NNW	0.33	4.0	NNW	41.2	41.2	41.1	30.122	0.00	0.00	0.165	0.000	45.3	51	28.2	44.2	9.56	 .0787	218	3	100.0	10
02/14/24	2:00 a	41.4	41.5	41.3	87	37.8	2.0	NNE	0.33	4.0	NNE	41.3	41.3	41.2	30.118	0.00	0.00	0.164	0.000	45.2	51	28.1	44.1	9.55	 .0787	221	3	100.0	10
02/14/24	2:10 a	41.5	41.5	41.5	88	38.2	2.0	NNE	0.33	6.0	NW	41.5	41.4	41.4	30.117	0.00	0.00	0.163	0.000	45.1	51	28.0	44.0	9.55	 .0787	223	3	100.0	10
02/14/24	2:20 a	41.5	41.5	41.5	88	38.2	3.0	NNW	0.50	7.0	N	40.1	41.4	40.0	30.115	0.00	0.00	0.163	0.000	45.0	51	27.9	43.9	9.55	 .0787	220	3	100.0	10
02/14/24	2:30 a	41.6	41.6	41.5	88	38.3	5.0	NNW	0.83	10.0	NNW	38.3	41.5	38.2	30.110	0.00	0.00	0.163	0.000	45.0	51	27.9	43.9	9.55	 .0787	220	3	100.0	10
02/14/24	2:40 a	41.8	41.9	41.6	88	38.5	3.0	NNW	0.50	7.0	NNW	40.4	41.7	40.3	30.107	0.00	0.00	0.161	0.000	45.0	52	28.4	43.9	9.75	 .0787	218	3	100.0	10
02/14/24	2:50 a	42.1	42.2	41.9	88	38.8	1.0	NW	0.17	5.0	NNW	42.1	42.0	42.0	30.103	0.00	0.00	0.159	0.000	44.9	52	28.3	43.8	9.75	 .0787	222	3	100.0	10
02/14/24	3:00 a	42.3	42.4	42.2	87	38.7	1.0	NW	0.17	3.0	NW	42.3	42.2	42.2	30.099	0.00	0.00	0.158	0.000	44.9	52	28.3	43.8	9.75	 .0787	221	3	100.0	10
02/14/24	3:10 a	42.4	42.4	42.3	85	38.2	2.0	NNW	0.33	4.0	NNW	42.4	42.2	42.2	30.097	0.00	0.00	0.157	0.000	44.9	52	28.3	43.8	9.75	 .0787	218	3	100.0	10
02/14/24	3:20 a	42.4	42.5	42.4	85	38.2	1.0	N	0.17	3.0	N	42.4	42.2	42.2	30.095	0.00	0.00	0.157	0.000	44.9	52	28.3	43.8	9.75	 .0787	224	3	100.0	10
02/14/24	3:30 a	42.6	42.7	42.5	84	38.1	2.0	N	0.33	4.0	N	42.6	42.4	42.4	30.093	0.00	0.00	0.156	0.000	44.9	53	28.8	43.9	9.86	 .0787	220	3	100.0	10
02/14/24	3:40 a	42.7	42.7	42.7	84	38.2	1.0	NNW	0.17	4.0	N	42.7	42.5	42.5	30.092	0.00	0.00	0.155	0.000	44.9	53	28.8	43.9	9.86	 .0787	220	3	100.0	10
02/14/24	3:50 a	42.7	42.8	42.7	84	38.2	1.0	NW	0.17	3.0	NW	42.7	42.5	42.5	30.092	0.00	0.00	0.155	0.000	44.9	53	28.8	43.9	9.86	 .0787	222	3	100.0	10
02/14/24	4:00 a	42.8	42.8	42.7	83	38.0	1.0	WNW	0.17	3.0	WNW	42.8	42.6	42.6	30.094	0.00	0.00	0.154	0.000	44.9	53	28.8	43.9	9.86	 .0787	220	3	100.0	10
02/14/24	4:10 a	42.7	42.8	42.7	83	37.9	1.0	N	0.17	2.0	NW	42.7	42.5	42.5	30.094	0.00	0.00	0.155	0.000	45.0	54	29.3	44.0	10.05	 .0787	218	3	100.0	10
02/14/24	4:20 a	42.9	42.9	42.8	82	37.8	1.0	N	0.17	4.0	N	42.9	42.7	42.7	30.088	0.00	0.00	0.153	0.000	45.0	54	29.3	44.0	10.05	 .0786	220	3	100.0	10
02/14/24	4:30 a	42.8	42.8	42.7	84	38.3	1.0	NE	0.17	4.0	NNE	42.8	42.6	42.6	30.090	0.00	0.00	0.154	0.000	45.0	54	29.3	44.0	10.05	 .0787	222	3	100.0	10
02/14/24	4:40 a	42.8	42.8	42.8	83	38.0	1.0	NNW	0.17	3.0	NE	42.8	42.6	42.6	30.089	0.00	0.00	0.154	0.000	45.0	54	29.3	44.0	10.05	 .0787	218	3	100.0	10
02/14/24	4:50 a	42.7	42.8	42.7	83	37.9	2.0	NNW	0.33	4.0	NNW	42.7	42.5	42.5	30.088	0.00	0.00	0.155	0.000	45.0	54	29.3	44.0	10.05	 .0786	221	3	100.0	10
02/14/24	5:00 a	42.7	42.7	42.7	83	37.9	1.0	NNW	0.17	5.0	NNW	42.7	42.5	42.5	30.088	0.00	0.00	0.155	0.000	45.0	54	29.3	44.0	10.05	 .0786	220	3	100.0	10
02/14/24	5:10 a	42.8	42.8	42.7	81	37.4	2.0	NNE	0.33	5.0	N	42.8	42.5	42.5	30.091	0.00	0.00	0.154	0.000	45.0	54	29.3	44.0	10.05	 .0787	222	3	100.0	10
02/14/24	5:20 a	42.7	42.8	42.7	81	37.3	2.0	NE	0.33	4.0	NNE	42.7	42.4	42.4	30.090	0.00	0.00	0.155	0.000	45.0	54	29.3	44.0	10.05	 .0787	218	3	100.0	10
02/14/24	5:30 a	42.8	42.9	42.8	80	37.1	2.0	NNE	0.33	5.0	N	42.8	42.5	42.5	30.090	0.00	0.00	0.154	0.000	45.0	55	29.8	44.0	10.25	 .0786	219	3	100.0	10
02/14/24	5:40 a	42.8	42.9	42.7	79	36.7	3.0	NNE	0.50	6.0	NNE	41.6	42.5	41.3	30.086	0.00	0.00	0.154	0.000	45.1	55	29.9	44.1	10.25	 .0786	220	3	100.0	10
02/14/24	5:50 a	42.6	42.7	42.5	79	36.5	2.0	NNE	0.33	5.0	N	42.6	42.3	42.3	30.085	0.00	0.00	0.156	0.000	45.2	55	30.0	44.2	10.25	 .0786	220	3	100.0	10
02/14/24	6:00 a	42.5	42.5	42.4	80	36.8	3.0	NNE	0.50	5.0	N	41.2	42.2	40.9	30.085	0.00	0.00	0.156	0.000	45.2	55	30.0	44.2	10.25	 .0786	220	3	100.0	10
02/14/24	6:10 a	42.4	42.5	42.4	81	37.0	2.0	NNW	0.33	6.0	NE	42.4	42.1	42.1	30.084	0.00	0.00	0.157	0.000	45.2	55	30.0	44.2	10.25	 .0786	221	3	100.0	10
02/14/24	6:20 a	42.1	42.4	41.9	81	36.7	3.0	NNW	0.50	6.0	NW	40.7	41.8	40.4	30.078	0.00	0.00	0.159	0.000	45.2	55	30.0	44.2	10.25	 .0786	224	3	100.0	10
02/14/24	6:30 a	41.9	42.1	41.8	78	35.5	3.0	N	0.50	6.0	NE	40.5	41.6	40.2	30.073	0.00	0.00	0.160	0.000	45.2	55	30.0	44.2	10.25	 .0786	222	3	100.0	10
02/14/24	6:40 a	42.3	42.5	42.1	77	35.6	2.0	ENE	0.33	7.0	NNE	42.3	41.9	41.9	30.072	0.00	0.00	0.158	0.000	45.2	55	30.0	44.2	10.25	 .0786	222	3	100.0	10
02/14/24	6:50 a	42.7	42.9	42.5	74	35.0	1.0	E	0.17	5.0	ENE	42.7	42.3	42.3	30.072	0.00	0.00	0.155	0.000	45.2	55	30.0	44.2	10.25	 .0786	222	3	100.0	10
02/14/24	7:00 a	43.0	43.1	42.9	75	35.6	1.0	E	0.17	6.0	N	43.0	42.6	42.6	30.071	0.00	0.00	0.153	0.000	45.0	55	29.8	44.0	10.25	 .0786	222	3	100.0	10
02/14/24	7:10 a	43.2	43.3	43.1	75	35.8	2.0	N	0.33	6.0	NNE	43.2	42.8	42.8	30.071	0.00	0.00	0.151	0.000	45.0	55	29.8	44.0	10.25	 .0786	220	3	100.0	10
02/14/24	7:20 a	43.2	43.2	43.1	76	36.1	4.0	N	0.67	7.0	N	41.0	42.8	40.6	30.068	0.00	0.00	0.151	0.000	45.0	56	30.2	44.0	10.45	 .0786	219	3	100.0	10
02/14/24	7:30 a	43.0	43.1	42.9	77	36.3	3.0	N	0.50	10.0	WNW	41.8	42.6	41.4	30.071	0.00	0.00	0.153	0.000	45.0	56	30.2	44.0	10.45	 .0786	217	3	100.0	10
02/14/24	7:40 a	42.9	42.9	42.9	77	36.2	4.0	NNE	0.67	10.0	N	40.7	42.5	40.3	30.069	0.00	0.00	0.153	0.000	45.2	56	30.4	44.2	10.45	 .0785	221	3	100.0	10
02/14/24	7:50 a	43.0	43.0	42.9	78	36.6	4.0	N	0.67	7.0	NW	40.8	42.7	40.5	30.066	0.00	0.00	0.153	0.000	45.2	56	30.4	44.2	10.45	 .0785	219	3	100.0	10
02/14/24	8:00 a	43.0	43.0	42.9	78	36.6	3.0	NNE	0.50	10.0	ENE	41.8	42.7	41.5	30.066	0.00	0.00	0.153	0.000	45.2	56	30.4	44.2	10.45	 .0785	219	3	100.0	10
02/14/24	8:10 a	42.9	42.9	42.9	78	36.5	3.0	NNW	0.50	10.0	NNW	41.7	42.6	41.4	30.062	0.00	0.00	0.153	0.000	45.3	56	30.5	44.3	10.44	 .0785	223	3	100.0	10
02/14/24	8:20 a	42.8	42.9	42.7	79	36.7	4.0	NNW	0.67	7.0	NNE	40.6	42.5	40.3	30.062	0.00	0.00	0.154	0.000	45.4	57	31.0	44.5	10.55	 .0785	219	3	100.0	10
02/14/24	8:30 a	42.6	42.7	42.5	79	36.5	3.0	NW	0.50	9.0	N	41.3	42.3	41.0	30.060	0.00	0.00	0.156	0.000	45.6	57	31.2	44.7	10.55	 .0784	220	3	100.0	10
02/14/24	8:40 a	42.8	43.1	42.5	74	35.1	4.0	N	0.67	11.0	NNW	40.6	42.4	40.2	30.059	0.00	0.00	0.154	0.000	45.7	57	31.3	44.8	10.55	 .0784	216	3	99.5	10
02/14/24	8:50 a	43.3	43.5	43.1	73	35.2	4.0	NNE	0.67	10.0	N	41.1	42.8	40.6	30.055	0.00	0.00	0.151	0.000	45.8	57	31.4	44.9	10.55	 .0784	216	3	99.5	10
02/14/24	9:00 a	43.6	43.7	43.5	73	35.5	4.0	N	0.67	12.0	N	41.5	43.1	41.0	30.054	0.00	0.00	0.149	0.000	46.0	58	32.0	45.1	10.75	 .0784	219	3	100.0	10
02/14/24	9:10 a	43.8	44.1	43.6	69	34.3	3.0	N	0.50	11.0	N	42.7	43.2	42.1	30.051	0.00	0.00	0.147	0.000	46.2	58	32.2	45.3	10.75	 .0783	221	3	100.0	10
02/14/24	9:20 a	44.5	44.7	44.1	67	34.2	4.0	N	0.67	12.0	NE	42.5	43.9	41.9	30.047	0.00	0.00	0.142	0.000	46.4	58	32.4	45.5	10.75	 .0783	220	3	100.0	10
02/14/24	9:30 a	44.7	44.8	44.7	66	34.0	5.0	N	0.83	11.0	NE	42.0	44.0	41.3	30.046	0.00	0.00	0.141	0.000	46.7	58	32.7	45.8	10.75	 .0782	221	3	100.0	10
02/14/24	9:40 a	45.0	45.2	44.8	64	33.5	5.0	N	0.83	11.0	NNW	42.3	44.3	41.6	30.043	0.00	0.00	0.139	0.000	47.0	59	33.4	46.2	10.95	 .0781	220	3	100.0	10
02/14/24	9:50 a	45.5	45.6	45.3	61	32.8	5.0	N	0.83	11.0	N	42.9	44.7	42.1	30.039	0.00	0.00	0.135	0.000	47.4	60	34.2	46.6	11.15	 .0781	221	3	100.0	10
02/14/24	10:00 a	45.7	45.8	45.5	60	32.6	5.0	NNE	0.83	13.0	NNE	43.1	44.9	42.3	30.035	0.00	0.00	0.134	0.000	47.9	60	34.7	47.1	11.15	 .0780	223	3	100.0	10
02/14/24	10:10 a	46.2	46.4	45.9	57	31.8	5.0	N	0.83	11.0	NNW	43.7	45.3	42.8	30.030	0.00	0.00	0.131	0.000	48.5	61	35.7	47.7	11.38	 .0778	220	3	100.0	10
02/14/24	10:20 a	46.8	47.2	46.4	56	31.9	5.0	N	0.83	13.0	N	44.5	45.8	43.5	30.023	0.00	0.00	0.126	0.000	49.2	61	36.3	48.4	11.37	 .0777	221	3	100.0	10
02/14/24	10:30 a	47.3	47.4	47.2	57	32.8	6.0	N	1.00	14.0	NNE	44.5	46.4	43.6	30.020	0.00	0.00	0.123	0.000	49.9	62	37.4	49.2	11.55	 .0776	219	3	100.0	10
02/14/24	10:40 a	47.8	48.6	47.3	53	31.5	4.0	N	0.67	10.0	NNW	46.4	46.7	45.3	30.016	0.00	0.00	0.119	0.000	50.7	62	38.1	49.9	11.55	 .0774	221	3	100.0	10
02/14/24	10:50 a	49.4	49.7	48.7	50	31.5	4.0	ENE	0.67	12.0	N	48.2	48.2	47.0	30.012	0.00	0.00	0.108	0.000	51.7	63	39.5	50.8	11.75	 .0772	218	3	100.0	10
02/14/24	11:00 a	49.6	49.7	49.5	49	31.2	3.0	ENE	0.50	10.0	NNE	49.2	48.4	48.0	30.008	0.00	0.00	0.107	0.000	52.6	62	39.9	51.6	11.55	 .0771	217	3	100.0	10
02/14/24	11:10 a	49.7	49.8	49.5	47	30.3	4.0	ENE	0.67	11.0	NE	48.5	48.4	47.2	30.004	0.00	0.00	0.106	0.000	53.4	62	40.7	52.3	11.55	 .0769	215	3	99.1	10
02/14/24	11:20 a	50.2	50.6	49.8	40	26.8	6.0	ENE	1.00	15.0	NE	47.9	48.7	46.4	29.998	0.00	0.00	0.103	0.000	54.3	63	42.0	53.2	11.75	 .0767	219	3	100.0	10
